0.5124381 0.0466735 0.0235277 -0.0669740 -0.0564358 0.0306534 -0.0598096 0.0086060 0.0528937 -0.1923812 -0.0893986 -0.1000196 -0.1650484 0.0583697 -0.0127853 -0.0282249 0.0321852 0.0057302
0.0466735 0.4956571 0.0108544 -0.0597186 -0.2068754 0.0870815 0.0072436 -0.0506346 -0.0344562 -0.0782098 -0.0895043 -0.0519244 0.0983041 -0.1510650 -0.0083028 -0.0142929 0.0024222 -0.0032525
0.0235277 0.0108544 0.5223148 0.0301041 0.0862427 -0.0923966 0.0513311 -0.0318208 -0.2558040 -0.0946274 -0.0562395 -0.1069947 0.0063631 -0.0233356 -0.0656919 -0.0166986 0.0142989 -0.0014276
-0.0669740 -0.0597186 0.0301041 0.0682535 0.0522182 -0.0319671 -0.0004205 -0.0065549 0.0015609 -0.0050425 -0.0179959 0.0113424 0.0017259 0.0313218 -0.0109474 0.0024577 0.0007294 -0.0000929
-0.0564358 -0.2068754 0.0862427 0.0522182 0.2355627 -0.0962566 -0.0010379 0.0046142 -0.0018144 -0.0044175 -0.0087250 0.0061429 0.0102553 -0.0253197 0.0071890 -0.0005824 0.0007432 -0.0015036
0.0306534 0.0870815 -0.0923966 -0.0319671 -0.0962566 0.0931173 0.0101644 0.0236191 -0.0130450 -0.0042557 -0.0127404 0.0065840 -0.0042412 -0.0024654 0.0057458 -0.0003539 0.0007617 -0.0000054
-0.0598096 0.0072436 0.0513311 -0.0004205 -0.0010379 0.0101644 0.0669384 -0.0186421 -0.0642614 0.0069846 -0.0033064 -0.0211313 -0.0151246 0.0154818 0.0224456 0.0014317 0.0002610 0.0014516
0.0086060 -0.0506346 -0.0318208 -0.0065549 0.0046142 0.0236191 -0.0186421 0.0571409 0.0422617 0.0021041 -0.0012724 -0.0121207 0.0163007 -0.0100418 -0.0222632 -0.0018138 0.0001937 0.0003240
0.0528937 -0.0344562 -0.2558040 0.0015609 -0.0018144 -0.0130450 -0.0642614 0.0422617 0.2730843 0.0037927 -0.0003981 -0.0132115 0.0059270 -0.0049007 0.0074813 0.0000871 -0.0006922 0.0014948
-0.1923812 -0.0782098 -0.0946274 -0.0050425 -0.0044175 -0.0042557 0.0069846 0.0021041 0.0037927 0.2212660 0.0792497 0.1068933 -0.0276054 -0.0025481 -0.0121086 -0.0032216 0.0038215 0.0003057
-0.0893986 -0.0895043 -0.0562395 -0.0179959 -0.0087250 -0.0127404 -0.0033064 -0.0012724 -0.0003981 0.0792497 0.0937574 0.0555519 0.0254166 0.0078723 0.0129125 0.0060346 -0.0021280 0.0009135
-0.1000196 -0.0519244 -0.1069947 0.0113424 0.0061429 0.0065840 -0.0211313 -0.0121207 -0.0132115 0.1068933 0.0555519 0.1094541 0.0014728 0.0022941 0.0028921 0.0014426 0.0000562 0.0012760
-0.1650484 0.0983041 0.0063631 0.0017259 0.0102553 -0.0042412 -0.0151246 0.0163007 0.0059270 -0.0276054 0.0254166 0.0014728 0.5036515 0.0062903 0.1761620 -0.2975990 -0.1565670 -0.1856836
0.0583697 -0.1510650 -0.0233356 0.0313218 -0.0253197 -0.0024654 0.0154818 -0.0100418 -0.0049007 -0.0025481 0.0078723 0.0022941 0.0062903 0.2820151 0.1175143 -0.1089154 -0.1034608 -0.0891066
-0.0127853 -0.0083028 -0.0656919 -0.0109474 0.0071890 0.0057458 0.0224456 -0.0222632 0.0074813 -0.0121086 0.0129125 0.0028921 0.1761620 0.1175143 0.1653778 -0.1627664 -0.1070497 -0.1158050
-0.0282249 -0.0142929 -0.0166986 0.0024577 -0.0005824 -0.0003539 0.0014317 -0.0018138 0.0000871 -0.0032216 0.0060346 0.0014426 -0.2975990 -0.1089154 -0.1627664 0.3251561 0.1195699 0.1782892
0.0321852 0.0024222 0.0142989 0.0007294 0.0007432 0.0007617 0.0002610 0.0001937 -0.0006922 0.0038215 -0.0021280 0.0000562 -0.1565670 -0.1034608 -0.1070497 0.1195699 0.1022298 0.0926251
0.0057302 -0.0032525 -0.0014276 -0.0000929 -0.0015036 -0.0000054 0.0014516 0.0003240 0.0014948 0.0003057 0.0009135 0.0012760 -0.1856836 -0.0891066 -0.1158050 0.1782892 0.0926251 0.1144672
